polygon_1;0,38.83099308078974,-77.3058137476346; 1,38.83102860122475,-77.30571048258753; 2,38.83107352410248,-77.3057761967084; 3,38.83109755260686,-77.30582715867967; 4,38.83110904449737,-77.30591164826364; 5,38.831104865628305,-77.30600150226564; 6,38.83110277619367,-77.30612220167131; 7,38.831104865628305,-77.3062093734643; 8,38.8311100892146,-77.30629520415277; 9,38.83112993883902,-77.30636896490068; 10,38.83115501204091,-77.30643065570803; 11,38.831126804688175,-77.30650843976946; 12,38.831092329019626,-77.30646954773874; 13,38.831068300513515,-77.30640383361788; 14,38.83104531671746,-77.30625765322651; 15,38.83103904840816,-77.3060752630135; 16,38.83103591425329,-77.30594651698078; 17,38.8310327800983,-77.30587543844189; 18,38.83102442235098,-77.3058405697247; 
polygon_2;0,38.83163453532335,-77.30605246423687; 1,38.831399475292486,-77.30592774151768; 2,38.831324255918645,-77.30599211453403; 3,38.83126470719133,-77.30613293050732; 4,38.83132530063272,-77.30616779922451; 
polygon_3;0,38.83077995781532,-77.30734931229563; 1,38.830878161621754,-77.30741234420742; 2,38.83096173922267,-77.30720313190431; 3,38.83086562497318,-77.30713741778345; 
polygon_4;0,38.8317035070131,-77.307379245758; 1,38.83126890694578,-77.30721831321716; 2,38.83164918214984,-77.30606496334076; 3,38.832054528207365,-77.30633988976479; 4,38.83288297315016,-77.30687230825424; 5,38.83273776092523,-77.30737119913101; 6,38.832209144136534,-77.3070010542869; 7,38.83227809437513,-77.3067663609981; 8,38.83202527650727,-77.30660274624819; 
polygon_5;0,38.83072067328859,-77.30749399957858; 1,38.83091081260896,-77.30702729520999; 2,38.831176171031245,-77.30719627437793; 3,38.831029910605885,-77.30764688549243; 
polygon_6;0,38.836831186978436,-77.30397254972559; 1,38.836834320878125,-77.30405972151857; 2,38.836396618220114,-77.30411068348985; 3,38.836380948623955,-77.30400875954729; 
polygon_7;0,38.83865692127215,-77.31171311435901; 1,38.83871332999807,-77.3118204027196; 2,38.83814715149898,-77.31218786535464; 3,38.838109545387475,-77.31210203466617; 
polygon_8;0,38.82792095225079,-77.30894134194614; 1,38.8278822959714,-77.30865032226802; 2,38.828023339051605,-77.30861545355083; 3,38.82808498001371,-77.30906472356082; 4,38.828091248583156,-77.30924577266933; 5,38.82794184752824,-77.30926052481891; 
polygon_9;0,38.832792259062515,-77.30740548668109; 1,38.832215586449074,-77.30704070625507; 2,38.8324161687576,-77.30653108654224; 3,38.83299701850418,-77.30689318475925; 
polygon_10;0,38.82927042634683,-77.30547726898294; 1,38.82923281554495,-77.3055604174624; 2,38.82913251997619,-77.3055228665362; 3,38.829086551126615,-77.30547458677393; 4,38.82910326707537,-77.30543971805673; 
polygon_11;0,38.828219362413705,-77.30546333268762; 1,38.82824182474253,-77.30548411980749; 2,38.828219362413705,-77.30551027134538; 3,38.828197422457784,-77.30550893024088; 4,38.8281885419975,-77.30548076704622; 5,38.828205258157105,-77.30546735600115; 
polygon_12;0,38.82819986020972,-77.30538487807394; 1,38.82821814350617,-77.30532586947561; 2,38.82821030780828,-77.3052708841908; 3,38.82820142734962,-77.30525143817545; 4,38.82812620459645,-77.30525344983221; 5,38.828115234604965,-77.30528094247461; 6,38.828163293602714,-77.30535671487928; 7,38.82812515983544,-77.30539225414873; 8,38.82816277122249,-77.3054579682696; 
polygon_13;0,38.83497149786369,-77.30718262865594; 1,38.83495635028416,-77.30730936303189; 2,38.834939113379384,-77.30733082070401; 3,38.834884790985576,-77.30731003358414; 4,38.83489262594877,-77.30717391147664; 
polygon_14;0,38.82767308168197,-77.30438800158026; 1,38.827622932816496,-77.30442287029746; 2,38.82771278284207,-77.30457039179328; 3,38.82801785417569,-77.30478496851447; 4,38.828383520147476,-77.30508537592414; 5,38.828625903413645,-77.30522485079291; 6,38.82891007584716,-77.3054018765879; 7,38.8289560448107,-77.3053482324076; 
polygon_15;0,38.83526169526349,-77.31205701828003; 1,38.835249159386954,-77.3119443655014; 2,38.83565030634103,-77.3117995262146; 3,38.83597623657639,-77.31176733970642; 4,38.836272915364695,-77.31186389923096; 5,38.83656959291628,-77.31198728084564; 6,38.836979089476955,-77.31213212013245; 7,38.83734679866645,-77.31220185756683; 8,38.83764347174134,-77.31220722198486; 9,38.8379108942983,-77.31215357780457; 10,38.83804460519992,-77.3121428489685; 11,38.83805505135351,-77.31220453977585; 12,38.83792134047153,-77.312231361866; 13,38.83765182871146,-77.31224209070206; 14,38.837350977169045,-77.31223672628403; 15,38.83697700021476,-77.31217235326767; 16,38.83656332509345,-77.31204092502594; 17,38.83626037966627,-77.31191217899323; 18,38.83597205799309,-77.3118343949318; 19,38.83566702074838,-77.31186926364899; 
polygon_16;
polygon_17;0,38.84158785255116,-77.30697691440582; 1,38.84274104122747,-77.30657458305359; 2,38.84272015029448,-77.30651021003723; 3,38.841581585170324,-77.30694472789764; 
polygon_18;0,38.85123896398489,-77.30815172195435; 1,38.85120554248162,-77.30740070343018; 2,38.850520398203734,-77.30750799179077; 3,38.84981853624711,-77.30643510818481; 4,38.849534447295895,-77.30695009231567; 5,38.8503532888422,-77.30798006057739; 
polygon_19;0,38.84619492455876,-77.30677127849049; 1,38.84516504425578,-77.30711996566242; 2,38.845156688168,-77.30708241473621; 3,38.846182390608185,-77.30673372756428; 
polygon_20;
polygon_21;
polygon_22;
polygon_23;0,38.828082455215615,-77.30929970741272; 1,38.82787350257806,-77.31030821800232; 2,38.827865144459786,-77.31076955795288; 3,38.82800723233673,-77.31119871139526; 4,38.82839170399367,-77.31147766113281; 5,38.828801247605156,-77.31158494949341; 6,38.82946152724183,-77.31146693229675; 7,38.8298459910445,-77.31383800506592; 8,38.828650803286955,-77.31389164924622; 9,38.82862572920301,-77.31420278549194; 10,38.82733858103119,-77.3146104812622; 11,38.82711290979813,-77.31356978416443; 12,38.826761864235905,-77.31356978416443; 13,38.82657798253632,-77.31252908706665; 14,38.82646096666204,-77.31250762939453; 15,38.826410816942754,-77.31218576431274; 16,38.824939742794285,-77.31040477752686; 17,38.8249898935498,-77.31014728546143; 18,38.82473913941899,-77.30977177619934; 19,38.824964818176454,-77.30940699577332; 20,38.82475585638854,-77.30809807777405; 21,38.8248645165948,-77.30735778808594; 22,38.8261600678164,-77.30565190315241; 23,38.82664902779475,-77.3052549362182; 24,38.826816192829,-77.30546414852137; 25,38.827309327393216,-77.30654239654541; 26,38.827919472210915,-77.30829656124115; 27,38.82809499235435,-77.30885446071625; 
polygon_24;0,38.85133087303798,-77.30622053146357; 1,38.85122225323523,-77.30734705924982; 2,38.85168179742089,-77.3079371452331; 3,38.8504034216919,-77.30789422988886; 4,38.8494007579851,-77.30679988861078; 5,38.84726169484254,-77.30652093887323; 6,38.84734107528797,-77.3059737682342; 7,38.84879079731641,-77.30573773384089; 8,38.84889942083191,-77.3039031028747; 9,38.851723574017825,-77.3040103912353; 10,38.85148962475896,-77.3052549362182; 
polygon_25;0,38.846116935412034,-77.3037958145141; 1,38.846559800734035,-77.30365633964533; 2,38.846835545673954,-77.30500817298883; 3,38.84620885108291,-77.30522274971003; 4,38.84606679954149,-77.30457901954645; 5,38.846233918972565,-77.3044073581695; 
polygon_26;0,38.833134743284106,-77.31378972530365; 1,38.83298848688316,-77.31351613998413; 2,38.832094226923935,-77.31440663337708; 3,38.83145068710447,-77.3149162530899; 4,38.8315593370926,-77.31525421142578; 5,38.832294809574435,-77.31470167636871; 
polygon_27;0,38.83108085801724,-77.30703324079514; 1,38.83103697986246,-77.30717271566385; 2,38.83141725630554,-77.30741411447525; 3,38.83163246679896,-77.3074597120285; 4,38.831799620131285,-77.30754554271698; 5,38.8319730412987,-77.30764478445053; 6,38.832035723544415,-77.30756968259811; 7,38.83176827891138,-77.30734974145889; 8,38.83154157700975,-77.3072598874569; 
polygon_28;0,38.8326709005206,-77.30906903743744; 1,38.83209004811273,-77.3087015748024; 2,38.832451514376835,-77.30764478445053; 3,38.832938341762215,-77.3075321316719; 4,38.833237122585935,-77.30774402618408; 
polygon_29;
polygon_30;
polygon_31;
polygon_32;0,38.83729665661612,-77.30883300304407; 1,38.83730292437432,-77.30888932943338; 2,38.837068927692954,-77.30894029140472; 3,38.836939393484904,-77.30895102024078; 4,38.83674509173079,-77.30894297361374; 5,38.83655496799552,-77.30889469385147; 6,38.836414986459204,-77.30883836746216; 7,38.8362938081905,-77.30877667665482; 8,38.83610159396177,-77.30863451957703; 9,38.835990861616054,-77.30856746435165; 10,38.8358759505091,-77.30852454900742; 11,38.835702538850974,-77.3084682226181; 12,38.835462268987854,-77.30842262506485; 13,38.835462268987854,-77.30839312076569; 14,38.83571298534838,-77.30843335390091; 15,38.8360974153858,-77.3085862398147; 16,38.83649437900615,-77.30883032083506; 17,38.83665316383431,-77.30886787176127; 18,38.836941482748216,-77.3089107871055; 
polygon_33;
polygon_34;
polygon_35;
polygon_36;
polygon_37;0,38.833991381883024,-77.30244398117065; 1,38.83332278678657,-77.3019289970398; 2,38.833740659457845,-77.30148911476135; 3,38.834718471921576,-77.30206847190857; 
polygon_38;
polygon_39;
polygon_40;
polygon_41;
polygon_42;0,38.83771868443706,-77.29585647583008; 
polygon_43;0,38.83771868443706,-77.29585647583008; 1,38.83554584120615,-77.2991394996643; 2,38.83455968277699,-77.295663356781; 3,38.83606398676933,-77.29360342025757; 4,38.83774375531795,-77.29503035545349; 
